-0.166777	-1.28017	1.58219
1.03285	-0.954595	1.18483
1.53887	-1.14327	1.41901
1.4649	-1.07403	1.33307
1.47556	-1.08078	1.34719
-0.476329	-1.196	1.49721
-0.238916	-1.07507	1.34583
-0.129821	-1.09632	1.37243
-0.279594	-0.549533	0.690902
-0.439319	-1.27122	1.59824
-0.348532	-0.603798	0.765735
-0.394645	-1.08923	1.38136
1.51661	-1.06043	1.34483
-0.25466	-0.986037	1.25595
0.719173	-0.90116	1.14784
1.52837	-1.05598	1.35094
1.57084	-1.07165	1.371
-0.343059	-0.586559	0.753712
-0.384806	-1.16593	1.49819
1.31924	-1.10893	1.42495
-0.501022	-1.46357	1.89739
1.6325	-1.10601	1.43384
-0.285823	-1.12243	1.46163
-0.165204	-1.09154	1.4214
1.20315	-1.42701	1.86659
1.24654	-1.1258	1.4726
1.3538	-1.01776	1.33728
1.55251	-1.28551	1.69674
-1.47312	-1.03667	1.37452
0.347151	-1.04083	1.38003
-1.55724	-1.05056	1.40572
-1.42774	-1.02196	1.37377
-1.63699	-1.11826	1.51722
-0.401553	-0.724892	0.98351
-0.273041	-1.06852	1.44973
-1.43261	-1.0476	1.428
-0.243313	-1.14504	1.56081
-0.232019	-1.14484	1.56055
-0.567135	-1.33184	1.82398
-0.344739	-1.08685	1.48846
0.388496	-1.00692	1.38551
1.79484	-1.52794	2.10242
-0.316832	-0.551557	0.762536
-1.35665	-0.998626	1.3872
-0.22639	-1.18218	1.64217
0.242521	-0.968324	1.35155
-0.345712	-1.06431	1.49266
-1.33473	-1.01621	1.43906
1.29449	-1.10767	1.57625
1.04721	-0.785692	1.11806
-0.403228	-1.19881	1.7143
1.35951	-0.992108	1.41872
-0.31968	-0.540081	0.776127
1.27786	-1.19273	1.71403
-1.27961	-1.0229	1.47725
-0.258626	-1.00878	1.45686
-0.472366	-1.01154	1.46812
0.245061	-1.04607	1.51824
0.584476	-0.951736	1.38824
-1.27224	-1.02755	1.50637
-0.312045	-0.852673	1.25
-0.155466	-0.941653	1.38044
0.368222	-1.29566	1.8994
-0.249448	-1.06149	1.56399
-0.231855	-1.08472	1.59821
0.5689	-0.909311	1.33977
-1.17912	-0.971806	1.43912
-0.399065	-0.980365	1.4518
-0.388749	-0.639696	0.952149
0.343124	-0.943458	1.40428
0.669531	-0.744255	1.11347
-0.357323	-1.02593	1.54279
-0.262195	-0.925746	1.39214
0.78481	-0.852583	1.28212
-0.197931	-0.920799	1.39914
0.599755	-1.16747	1.77396
1.00188	-1.00055	1.52032
1.26061	-1.19985	1.82315
-0.320177	-0.905045	1.38241
0.650142	-1.0197	1.55755
0.885377	-0.894268	1.36595
1.14712	-0.76924	1.17498
-0.367431	-0.987073	1.51565
0.361449	-0.949376	1.45777
1.39642	-1.09772	1.68555
-1.04504	-0.928426	1.43315
0.389208	-0.93034	1.44375
1.58535	-1.23851	1.92198
-1.09014	-0.997701	1.55658
-1.10991	-1.02636	1.60129
-0.834834	-0.968473	1.51098
-1.08737	-1.00536	1.57697
-1.07692	-1.00612	1.58671
-1.03401	-0.97113	1.53985
-0.996581	-0.9513	1.50841
-0.407737	-0.520638	0.830056
1.29282	-0.970357	1.54704
0.921287	-0.922563	1.47894
-0.472737	-0.687923	1.10889
1.05908	-1.13343	1.82703
-1.63444	-0.925295	1.49982
-1.5749	-0.907647	1.47944
0.664728	-0.858367	1.39912
1.25087	-0.959734	1.56434
-1.61414	-0.928206	1.52146
-0.479119	-0.68564	1.12386
0.38685	-1.02648	1.68255
-0.891667	-0.90246	1.48763
0.442799	-1.22601	2.02098
-1.5838	-0.92246	1.52925
-0.879392	-0.923907	1.53165
-0.48989	-0.908258	1.50571
-1.46667	-0.883201	1.47254
1.22647	-0.915823	1.52693
-1.23141	-0.67164	1.12626
-1.50778	-0.889876	1.49221
-0.459225	-0.647863	1.08639
0.543996	-0.850673	1.42647
1.21667	-0.899274	1.50797
1.35173	-0.790635	1.3258
-0.974861	-0.546681	0.922022
0.365552	-1.00578	1.69633
1.40759	-0.961365	1.62142
-1.4917	-0.889291	1.50859
-0.485296	-0.889119	1.5083
1.37328	-0.921027	1.56243
0.982676	-0.869151	1.48306
1.24838	-0.92751	1.58264
-2.38826	-1.28108	2.19882
-0.999941	-0.568456	0.975689
-1.03994	-0.591878	1.02191
-0.935581	-0.544769	0.946178
-1.46076	-0.88949	1.5449
-1.40141	-0.745873	1.30323
-0.415477	-0.78757	1.38439
-1.89643	-1.05751	1.87017
-0.810135	-0.939479	1.66144
0.594331	-0.99865	1.77686
-1.86187	-1.05182	1.88296
-1.4223	-0.905899	1.62173
1.81141	-1.18027	2.11291
1.53872	-0.903764	1.61791
1.71363	-1.10505	1.99048
-2.07568	-1.09813	1.99033
-1.33606	-0.872813	1.58194
0.0422229	-0.826793	1.50791
1.18565	-0.843439	1.53827
1.24337	-0.819338	1.49431
1.54153	-0.8594	1.56738
-1.00103	-0.61185	1.12292
1.44597	-0.767882	1.41822
-1.93652	-1.05367	1.95846
-0.900546	-0.56641	1.05279
0.777722	-0.759628	1.41192
-1.23675	-0.710051	1.32825
-0.949462	-0.598412	1.11941
-0.698872	-0.827367	1.5477
-1.01388	-0.955952	1.79979
1.19064	-0.766684	1.44345
-1.53106	-0.758992	1.43827
-1.20546	-0.843198	1.59783
-1.38924	-0.83048	1.58403
-0.557585	-0.84248	1.60692
-0.209473	-0.738667	1.40891
-1.50832	-0.753304	1.4463
-1.45181	-0.727597	1.39694
-1.24431	-0.675135	1.29622
-1.84777	-1.02175	1.96169
-1.21484	-0.850911	1.6337
-0.799968	-0.730295	1.40212
-0.647836	-0.753268	1.44623
-1.63091	-0.838139	1.61985
-0.889898	-0.587851	1.13612
1.42577	-0.853329	1.64921
1.70148	-0.836847	1.61735
-0.215993	-0.665948	1.29565
-0.245169	-0.772615	1.50318
0.657674	-0.831378	1.61751
0.955643	-0.885779	1.73493
1.84794	-0.966385	1.89281
-1.16186	-0.709759	1.39958
-1.75612	-1.11643	2.20149
-0.840932	-0.573491	1.13087
0.417675	-0.999632	1.97118
-1.17471	-0.722162	1.43374
-0.511867	-0.743028	1.47516
0.754648	-0.748902	1.48683
0.867479	-0.628647	1.24808
2.13533	-1.25128	2.50126
1.81143	-0.830088	1.65931
-1.44054	-0.695892	1.40067
-1.56194	-1.02372	2.0605
-1.03017	-0.787572	1.5852
-1.03102	-0.801565	1.61336
1.68445	-0.870057	1.75122
-0.818483	-0.579609	1.17473
-0.599121	-0.730464	1.48048
-0.517259	-0.759176	1.53867
0.536465	-0.48691	0.986852
-1.03179	-0.80935	1.65185
1.8688	-0.8198	1.67318
-0.728776	-0.533764	1.09708
1.6955	-0.844946	1.73667
-1.13157	-0.670153	1.38719
-0.754897	-0.551992	1.1426
2.04694	-0.943221	1.95243
-0.961124	-0.788121	1.64305
1.7791	-0.855153	1.78279
-0.8869	-0.410687	0.862355
-0.751562	-0.712945	1.49703
-0.305055	-0.691891	1.45282
1.76786	-0.828699	1.74009
-0.968426	-0.446773	0.944938
-0.929632	-0.760769	1.60905
-0.765201	-0.715514	1.51333
-0.766129	-0.726747	1.53709
-0.662154	-0.698899	1.47819
0.826561	-0.738493	1.56194
1.40091	-0.699096	1.47861
2.93282	-1.59232	3.39243
-1.24755	-0.644256	1.38269
-1.21765	-0.689426	1.47964
-1.06195	-0.659018	1.41437
-1.26149	-0.909517	1.95199
-0.842972	-0.760523	1.63222
-0.238854	-0.807284	1.73258
2.0028	-1.03208	2.21504
1.75123	-0.786414	1.68779
-1.03367	-0.649218	1.40368
-0.615189	-0.49248	1.0648
3.10808	-1.62884	3.52172
-0.65443	-0.299471	0.652328
-1.22602	-0.623812	1.35883
-1.20689	-0.62916	1.37048
1.91752	-1.10588	2.40891
-1.22193	-0.645455	1.41656
-0.671816	-0.543396	1.19258
-0.525497	-0.625099	1.37189
0.716438	-0.629747	1.38209
3.0075	-1.36826	3.00289
-1.14144	-0.671363	1.48461
-1.20215	-0.711716	1.58587
-0.288611	-0.687717	1.5324
3.4288	-1.6686	3.71803
-1.13911	-0.613765	1.37815
-1.16955	-0.650018	1.45956
-0.638675	-0.546927	1.22807
0.830229	-0.718276	1.61282
1.36037	-0.845344	1.89814
3.66217	-1.62846	3.65656
-0.614982	-0.298825	0.676194
-0.914254	-0.611531	1.3838
-0.608233	-0.535405	1.21154
1.35586	-0.836051	1.89185
2.38907	-1.14933	2.60077
1.26495	-0.481827	1.0903
-0.931473	-0.635553	1.44941
-1.03418	-0.842757	1.92195
-0.384818	-0.81766	1.86472
0.825281	-0.702992	1.60321
-1.08545	-0.597395	1.37314
-1.1357	-0.648726	1.49112
-1.21043	-0.763718	1.75544
0.85652	-0.655066	1.5057
-0.870378	-0.608469	1.40971
0.381842	-0.655182	1.51794
1.32867	-0.639361	1.48128
-0.891387	-0.629225	1.46948
-0.992036	-0.721723	1.6855
-0.739085	-0.58814	1.37353
0.438481	-0.62915	1.46931
-0.661514	-0.344461	0.810949
-1.05465	-0.599521	1.41143
-0.771768	-0.630345	1.48399
1.33801	-0.613879	1.44523
1.04622	-0.415307	0.977738
-0.560342	-0.274844	0.652322
-1.07966	-0.711827	1.68947
-0.680274	-0.566848	1.34537
-0.515535	-0.607062	1.44082
-0.57765	-0.756433	1.79534
2.38358	-0.967892	2.29722
-0.591888	-0.616717	1.47575
1.11238	-0.435905	1.04309
-1.19152	-0.657738	1.58695
-0.969067	-0.585557	1.41279
-1.03701	-0.700228	1.68946
-0.45965	-0.67536	1.62946
-0.375917	-0.6624	1.59819
3.15818	-1.293	3.11965
-0.592031	-0.313564	0.762863
-0.987046	-0.5823	1.41666
-0.255139	-0.629082	1.53048
0.264941	-0.674677	1.6414
2.08182	-0.830474	2.02044
-0.581017	-0.31094	0.762847
-1.10587	-0.775349	1.90221
7.20732	-3.24906	7.9711
2.40725	-0.961077	2.37789
-0.519939	-0.266012	0.6638
1.54577	-0.677002	1.68937
2.11325	-0.786136	1.96171
-0.868073	-0.612241	1.54097
3.3446	-1.38152	3.47718
-0.988711	-0.645831	1.63967
-0.345242	-0.833741	2.11675
1.35154	-0.731739	1.85778
-0.491219	-0.237218	0.607556
-0.331082	-0.775436	1.98603
3.57384	-1.44529	3.70163
1.30745	-0.500695	1.28237
-0.45075	-0.518921	1.34083
1.67726	-1.06045	2.74008
-0.47699	-0.268153	0.699074
1.25908	-0.667168	1.73931
1.56095	-0.561455	1.46371
-0.266947	-0.566486	1.50373
-0.729816	-0.260328	0.697393
-0.744419	-0.26738	0.716283
-0.47126	-0.273732	0.733301
1.52703	-0.630428	1.68885
1.53753	-0.632244	1.69372
1.76109	-0.614362	1.64581
-0.731845	-0.259546	0.70175
0.773334	-0.58001	1.5682
1.19477	-0.587045	1.58722
1.47561	-0.718153	1.94171
1.0615	-0.375767	1.01598
-0.703356	-0.252364	0.68872
-0.731378	-0.518911	1.41615
-0.68424	-0.546515	1.49148
-0.522488	-0.595035	1.6239
-0.858669	-0.564132	1.55411
2.33024	-0.958433	2.64036
-0.800393	-0.534836	1.48747
-1.41944	-1.1125	3.09404
-0.548202	-0.592699	1.6484
-0.30778	-0.693854	1.92973
-0.708022	-0.255937	0.718662
-0.331266	-0.552364	1.55102
0.704004	-0.627756	1.76272
-0.447339	-0.278295	0.789046
0.731139	-0.530684	1.50464
0.843856	-0.547496	1.55231
1.75367	-0.585927	1.66127
-0.251462	-0.504994	1.44587
0.520915	-0.581551	1.66507
1.2806	-0.627235	1.79587
-0.394625	-0.240724	0.696067
-0.589169	-0.569455	1.64661
-0.421781	-0.592879	1.71434
0.641415	-0.610531	1.76539
1.17529	-0.389196	1.13666
1.3736	-0.423827	1.2378
1.35972	-0.418187	1.22133
-0.696462	-0.518676	1.53015
-0.640642	-0.496782	1.46556
-0.64749	-0.510514	1.50607
-0.294409	-0.483583	1.42662
0.685357	-0.597876	1.7638
1.09343	-0.601955	1.77583
-0.394696	-0.515621	1.53669
0.0337143	-0.321265	0.957458
0.980512	-0.557168	1.66052
-0.586836	-0.485926	1.46316
0.0770016	-0.423027	1.27376
1.1623	-0.517762	1.55902
1.24802	-0.487565	1.4681
5.68867	-2.16724	6.52573
1.69762	-0.575356	1.73244
-0.356661	-0.235191	0.715573
1.26636	-0.48755	1.48338
1.11077	-0.355562	1.0818
1.31105	-0.389577	1.18529
1.84235	-0.57352	1.76335
-0.328653	-0.239972	0.74569
-0.534405	-0.480646	1.49356
-0.563783	-0.551531	1.71383
-0.417645	-0.608736	1.89159
-0.298902	-0.553083	1.71865
-0.32558	-0.227741	0.715309
-0.450845	-0.508851	1.59825
1.51307	-0.495257	1.55555
-0.298524	-0.224336	0.712293
-0.583733	-0.231733	0.75217
-0.53854	-0.488308	1.58497
-0.293369	-0.489259	1.58806
1.37647	-0.38718	1.25673
-0.28129	-0.209892	0.688953
0.196657	-0.451946	1.48347
1.59724	-0.500268	1.64209
2.39307	-0.702647	2.30638
-0.442287	-0.511519	1.69814
2.2917	-0.944197	3.13455
1.84707	-0.638247	2.11886
-0.270189	-0.210052	0.705368
0.0490645	-0.456948	1.55235
1.06995	-0.673122	2.28674
1.33964	-0.362416	1.2312
-0.72181	-0.193982	0.66677
-0.710618	-0.203876	0.700779
-0.365991	-0.426528	1.4661
1.25065	-0.546151	1.87728
1.44017	-0.437231	1.50289
2.11191	-0.600499	2.06409
-0.719518	-0.191085	0.664653
-0.696114	-0.187319	0.667488
-0.699942	-0.197929	0.705298
-0.303878	-0.413233	1.47251
1.21951	-0.475134	1.69308
1.32312	-0.446249	1.59016
1.20401	-0.401112	1.44701
-0.199519	-0.209719	0.766044
-0.666739	-0.182953	0.676759
-0.66893	-0.189806	0.702109
-0.179525	-0.197262	0.729688
-0.645401	-0.18645	0.698563
-0.158179	-0.446325	1.67222
0.282093	-0.47712	1.7876
1.14781	-0.371406	1.39153
-0.658655	-0.179774	0.691325
-0.165641	-0.198327	0.762673
5.86671	-2.07645	7.98503
1.55647	-0.427198	1.6428
-0.647001	-0.175591	0.684272
-0.645141	-0.177113	0.690201
-0.615074	-0.183743	0.716038
-0.160723	-0.189899	0.740029
-0.209522	-0.380061	1.48108
-0.180845	-0.387266	1.50916
0.95351	-0.511124	1.99183
1.00587	-0.25959	1.01161
-0.621336	-0.171606	0.677806
-0.578147	-0.175457	0.702539
0.166692	-0.401377	1.60713
0.174536	-0.406145	1.62622
1.29421	-0.395313	1.58285
-0.61094	-0.166785	0.677119
-0.581404	-0.173262	0.703416
-0.149117	-0.374038	1.51853
0.389644	-0.410986	1.66854
-0.113735	-0.190419	0.783991
-0.0361217	-0.390299	1.60694
0.296636	-0.401518	1.65313
-0.584279	-0.162872	0.680188
2.0424	-0.575297	2.40256
-0.582029	-0.162651	0.68914
-0.0514534	-0.364734	1.54535
-0.572491	-0.160399	0.689623
-0.556516	-0.167568	0.720447
-0.533308	-0.16286	0.700208
-0.0732448	-0.331928	1.42711
-0.00676957	-0.35381	1.52118
0.144767	-0.392933	1.68939
1.024	-0.242166	1.04118
-0.338088	-0.168878	0.736952
0.0204795	-0.345629	1.50826
0.33322	-0.37976	1.65721
0.349074	-0.35346	1.54244
-0.333628	-0.172278	0.763221
-0.0735812	-0.16914	0.749316
-0.039983	-0.346002	1.53284
0.123487	-0.39111	1.73268
0.205638	-0.463646	2.05403
0.58957	-0.673937	2.98565
1.04579	-0.44914	1.98976
-0.0589973	-0.163587	0.735907
0.214793	-0.370248	1.66558
-0.523956	-0.151278	0.691202
-0.514972	-0.160931	0.73531
-0.501033	-0.158204	0.72285
-0.0447864	-0.167455	0.765118
-0.037733	-0.173064	0.790744
1.97801	-0.428556	1.9893
-0.516088	-0.148574	0.700823
-0.446185	-0.150566	0.710223
-0.0352505	-0.156608	0.738721
-0.480255	-0.15244	0.730894
1.41466	-0.450193	2.1585
2.26829	-0.505096	2.42175
0.102432	-0.294832	1.43726
0.121552	-0.290981	1.41848
-0.264933	-0.155622	0.771536
5.0744	-1.10393	5.56775
-0.468473	-0.138156	0.709074
2.64137	-0.744302	3.82007
0.0211369	-0.144487	0.754863
0.174269	-0.258658	1.35134
0.411053	-0.391295	2.04429
0.270506	-0.139952	0.74452
0.335971	-0.143577	0.778004
-0.422184	-0.129913	0.717304
-0.389639	-0.132032	0.729
2.10267	-0.390068	2.15372
0.0884858	-0.146491	0.824459
0.403122	-0.302059	1.7
0.780547	-0.198508	1.11721
1.29506	-0.240131	1.35147
-0.410713	-0.123871	0.710879
-0.407368	-0.125206	0.718544
-0.373596	-0.129671	0.744166
0.30636	-0.224096	1.31189
0.307199	-0.127925	0.748896
0.320836	-0.124826	0.730754
-0.341628	-0.125635	0.750568
0.0918358	-0.126261	0.754307
0.332857	-0.250174	1.49459
0.342811	-0.161132	0.962634
2.86615	-0.520224	3.10792
-0.142578	-0.134411	0.819803
0.222483	-0.178216	1.08698
0.305462	-0.126191	0.786122
22.3321	-4.48318	27.9286
2.20329	-0.385019	2.39852
-0.35123	-0.113997	0.725675
-0.328296	-0.118961	0.75727
1.49212	-0.351843	2.23973
1.33269	-0.188657	1.20094
0.123471	-0.112515	0.732232
1.14947	-0.50623	3.29448
0.315008	-0.116972	0.761242
4.73525	-0.834682	5.43201
-0.337223	-0.107884	0.718133
0.429426	-0.149389	0.994416
1.43057	-0.227699	1.51569
1.48457	-0.211998	1.41117
-0.721869	-0.108353	0.73812
1.293	-0.28491	1.94085
-0.310354	-0.103493	0.721887
0.159361	-0.107824	0.752093
1.2411	-0.18924	1.31999
0.167675	-0.105355	0.752895
0.177166	-0.107827	0.770558
0.534818	-0.173303	1.23847
4.53061	-0.718356	5.13357
-0.291476	-0.0992007	0.726737
-0.258753	-0.102859	0.753537
0.1861	-0.105522	0.773045
0.216401	-0.111059	0.813611
0.232567	-0.113217	0.829417
1.26149	-0.27326	2.00188
1.22252	-0.217523	1.59356
-0.26888	-0.0999977	0.751468
1.11194	-0.236163	1.77473
1.91855	-0.267427	2.00967
-0.27799	-0.0949769	0.732631
-0.184125	-0.0916465	0.706941
0.228115	-0.0967561	0.746355
-0.671401	-0.0950535	0.753159
-0.214145	-0.0958088	0.759144
0.24514	-0.0962029	0.783572
1.30164	-0.238587	1.94329
-0.231616	-0.0853534	0.736368
-0.210836	-0.0877555	0.757091
1.09801	-0.195267	1.68462
1.56662	-0.191661	1.65351
1.65111	-0.234371	2.08367
-0.587604	-0.0806921	0.739968
0.790687	-0.176135	1.6152
1.28775	-0.200995	1.84318
-0.780592	-0.0793273	0.75109
0.282688	-0.0965469	0.914128
2.08183	-0.233851	2.21415
-0.216542	-0.0755444	0.739293
-0.20485	-0.0761525	0.745244
-0.186275	-0.0751629	0.73556
0.272901	-0.0934444	0.914466
1.16206	-0.174463	1.70733
-0.573487	-0.0761598	0.771216
1.24716	-0.185875	1.88222
-0.738837	-0.0702006	0.736463
-0.170518	-0.0701788	0.736235
-0.143356	-0.0739707	0.776015
2.09866	-0.224833	2.35869
-0.72973	-0.0670803	0.73001
-0.174727	-0.0682596	0.742844
-0.583669	-0.0493364	0.557739
0.86644	-0.167682	1.89561
1.37418	-0.133375	1.50778
-0.719799	-0.0667642	0.785219
-0.0941924	-0.0668339	0.786039
1.61336	-0.171555	2.01767
1.81245	-0.165168	1.94255
-0.139926	-0.0606202	0.742945
-0.131713	-0.0605393	0.741953
0.276207	-0.0632852	0.775606
0.677278	-0.124843	1.53004
1.12867	-0.152243	1.86585
2.13935	-0.196187	2.40441
-0.521067	-0.0623257	0.797383
0.319088	-0.0745652	0.953973
1.75069	-0.147804	1.89098
-0.116318	-0.0557617	0.746164
-0.100339	-0.0573939	0.768004
-0.770697	-0.0601812	0.844063
-0.478325	-0.0552372	0.774721
-0.101577	-0.0539451	0.756599
1.35204	-0.090394	1.26781
-0.77075	-0.0593996	0.875226
-0.0805176	-0.0518413	0.763857
1.75677	-0.13734	2.02364
-0.483317	-0.0535695	0.831358
0.249392	-0.0475314	0.737651
1.82133	-0.132437	2.05532
1.91079	-0.137267	2.13028
-0.782084	-0.0557764	0.914301
-0.785195	-0.0572039	0.937702
-0.742616	-0.0609225	0.998658
-0.424338	-0.0445071	0.773059
-0.0477312	-0.0442222	0.768111
-0.0234508	-0.0454743	0.789858
-0.000676446	-0.046117	0.801022
1.00104	-0.10395	1.80554
1.08502	-0.108439	1.88351
1.12639	-0.100815	1.86208
-0.60879	-0.0397793	0.784458
-0.391428	-0.0382348	0.808728
1.10623	-0.0864594	1.82876
-0.0697609	-0.0350047	0.798355
0.00488441	-0.033637	0.767162
0.0313457	-0.0354059	0.807505
0.042848	-0.0352872	0.804799
1.15458	-0.081739	1.86423
1.25518	-0.0849065	1.93647
1.79197	-0.0838865	1.91321
-1.10495	-0.0468706	1.15975
1.12466	-0.0717188	1.77459
1.77683	-0.0678082	1.83352
0.081914	-0.0264972	0.78976
1.15645	-0.0588773	1.75486
1.86136	-0.0637314	1.89954
1.8883	-0.0604291	1.80112
-0.568042	-0.0237222	0.888885
0.0559908	-0.0209664	0.785626
-0.43603	-0.0116099	0.499223
0.0670635	-0.0182004	0.782613
0.533689	-0.0352085	1.51396
-0.431319	-0.00983034	0.495876
-0.536161	-0.0165392	0.834291
0.0339021	-0.0158422	0.799133
0.0636992	-0.0153837	0.776005
0.0732006	-0.01562	0.787924
0.124865	-0.0164372	0.829149
1.92697	-0.0395666	1.99587
2.06429	-0.0416092	2.09891
-0.709072	-0.0111842	0.682272
-0.290958	-0.0131969	0.805059
1.48715	-0.0316283	1.92943
-1.31808	-0.01932	1.49065
-0.508241	-0.0110564	0.853066
0.108922	-0.0100997	0.779252
-0.704875	-0.00669526	0.702611
-0.497269	-0.00820166	0.860694
-0.305966	-0.00701709	0.736384
-0.10534	-0.00837673	0.879067
-0.0845827	-0.0082079	0.86135
1.42097	-0.0179026	1.87872
1.7205	-0.0158008	1.65816
-0.467812	-0.00523096	0.857895
-0.265387	-0.0043898	0.719941
-0.045918	-0.00450559	0.738931
0.1247	-0.0048183	0.790217
1.57934	-0.00931338	1.52743
-0.518041	-0.00163511	0.613376
-0.407371	-0.00208812	0.783312
0.0875516	-0.00470215	1.76391
1.21236	-0.00493119	1.84983
-0.312593	0.000566397	0.7395
-0.216511	0.000611309	0.798137
-0.108396	0.000602222	0.786273
0.029928	0.000650978	0.84993
1.42924	0.00771146	1.83711
-0.350003	0.00317523	0.416191
-0.0825511	0.00577724	0.757246
0.177195	0.00617007	0.808735
1.41201	0.0193045	2.53032
0.0359648	0.0125861	1.13789
0.178418	0.00886127	0.801131
1.35744	0.0236915	2.14191
1.63179	0.0215055	1.94427
-0.747475	0.0111178	0.767131
-0.379929	0.0119086	0.821697
0.193694	0.0116607	0.80459
1.39993	0.0280272	1.93389
1.74578	0.0246414	1.70026
-0.314843	0.0101478	0.566144
-0.271309	0.00948238	0.529022
-0.361159	0.0145688	0.812794
0.353574	0.0185475	1.03476
-0.343326	0.0130156	0.609458
-0.358538	0.0170934	0.8004
0.0898495	0.0172974	0.809955
-0.0203682	0.0193559	0.780865
0.759945	0.0498669	2.01176
2.12116	0.055707	2.24736
-0.113554	0.023244	0.823689
1.2444	0.0560474	1.98613
-0.763189	0.0239919	0.758013
-0.302047	0.0256834	0.811455
-0.110306	0.0260051	0.821617
-0.00603447	0.0237093	0.749084
-0.767461	0.0275308	0.784739
-0.0904722	0.0301114	0.858295
2.48912	0.0911284	2.59753
-0.756353	0.0276459	0.717805
1.01827	0.0785714	1.87315
-0.255238	0.027168	0.598707
-0.251895	0.0376347	0.829363
1.71458	0.0968029	1.98328
0.123175	0.0389949	0.746439
1.30251	0.115235	2.20582
2.07925	0.172376	3.29961
1.65267	0.0990414	1.89585
2.01711	0.106364	2.03601
2.08473	0.106069	2.03037
-0.380364	0.0329507	0.591863
-0.257642	0.0263041	0.472477
0.748435	0.0998231	1.79303
1.7323	0.108391	1.94693
-0.647592	0.0427636	0.723525
-0.218663	0.0420529	0.711501
-0.236968	0.0461142	0.780214
0.098031	0.0449293	0.760167
0.819075	0.107612	1.82071
1.20384	0.11624	1.96668
1.55324	0.127453	2.15641
1.64527	0.134333	2.2728
-0.205754	0.0480717	0.768702
-0.193897	0.0523539	0.837177
0.129888	0.0471625	0.754163
0.867256	0.106855	1.70869
0.109755	0.0531231	0.765467
-0.189973	0.0658939	0.904746
-0.140976	0.0629522	0.864355
2.11409	0.14341	1.96908
0.549785	0.129542	1.69862
-0.388253	0.0594962	0.746552
2.43608	0.171059	2.14643
-0.8285	0.0722862	0.869594
-0.410445	0.0665277	0.80032
-0.404934	0.0660992	0.795165
0.582694	0.148003	1.78046
-0.0859865	0.0757941	0.875645
0.770527	0.173251	2.00156
0.814936	0.161995	1.87151
-0.411077	0.0648379	0.720503
0.632479	0.158223	1.75824
0.677513	0.162956	1.81082
-0.359168	0.0486622	0.520889
-0.357404	0.0751428	0.804343
-0.0688979	0.0802866	0.859403
0.667707	0.166721	1.78462
0.817647	0.159566	1.70802
2.08092	0.205969	2.20473
2.07351	0.168536	1.80405
-0.711774	0.076101	0.785736
-0.43604	0.0717532	0.740846
0.688855	0.168573	1.7405
0.850057	0.190652	1.96847
0.868832	0.170642	1.76186
2.50651	0.288015	2.97373
-0.387475	0.0853719	0.851295
1.89557	0.266586	2.65829
-0.0326489	0.0917647	0.884765
-0.0101882	0.0906131	0.873661
0.856922	0.200782	1.93587
-0.422902	0.0877387	0.818854
-0.238305	0.0893755	0.83413
-0.659998	0.0812127	0.734426
-0.326907	0.0510902	0.462021
0.0181872	0.0967377	0.874822
0.137107	0.0899123	0.813098
0.175546	0.0931988	0.842819
0.955213	0.209599	1.89545
1.3083	0.233592	2.11243
-0.390768	0.0839213	0.736077
-0.108352	0.058833	0.516027
0.129842	0.0877905	0.770014
0.196766	0.0991262	0.86944
1.10146	0.216639	1.90015
0.620255	0.222582	1.89523
1.44462	0.235544	2.0056
2.21318	0.28075	2.39052
-0.412126	0.106085	0.877643
-0.390524	0.106234	0.878879
-0.186364	0.0662984	0.548488
-0.0185238	0.0858398	0.710154
1.10624	0.242756	2.00833
1.25391	0.266441	2.20427
1.41664	0.2308	1.90941
-0.729686	0.10175	0.818542
-0.431341	0.0957945	0.770631
0.0609376	0.106287	0.855035
0.590932	0.224451	1.80563
-0.497859	0.0811918	0.635611
-0.281197	0.105715	0.827589
0.151834	0.0947578	0.741812
0.751435	0.261592	2.04787
1.08137	0.247534	1.93782
1.56964	0.256533	2.00827
-0.385592	0.110248	0.840499
-0.247772	0.124784	0.951312
0.766237	0.263552	2.00924
1.31614	0.288838	2.20201
1.32399	0.287097	2.18874
1.51298	0.276911	2.11109
-0.3478	0.065828	0.489058
-0.855873	0.325244	2.41635
-0.211957	0.0839659	0.623811
-0.233761	0.120807	0.897517
-0.170105	0.102035	0.758053
0.244865	0.111794	0.830553
0.624223	0.233573	1.73529
1.57752	0.264357	1.96399
0.133322	0.122202	0.885307
-0.773453	0.105281	0.74422
-0.240032	0.103222	0.729665
-0.0450003	0.157157	1.11093
1.33436	0.270182	1.90989
-0.438588	0.125682	0.867392
-0.32178	0.115214	0.795147
1.66895	0.310836	2.14523
-0.368419	0.122984	0.829132
-0.227767	0.135334	0.912396
-0.234857	0.23405	1.54224
-0.188032	0.231176	1.5233
-0.862053	0.1708	1.10057
0.933532	0.298148	1.92116
1.25199	0.281003	1.81068
-0.152159	0.0741837	0.467672
0.232451	0.205486	1.29543
0.588324	0.254329	1.60335
-0.308072	0.127927	0.789406
-0.227586	0.338317	2.08766
-0.100923	0.195227	1.20469
-0.0206694	0.0509468	0.314379
0.756924	0.291348	1.79784
1.11971	0.340569	2.10157
1.8481	0.342147	2.1113
0.319745	0.263155	1.59019
1.35256	0.306152	1.85001
1.33941	0.301688	1.82304
1.49329	0.322121	1.9465
-0.177802	0.266684	1.57877
0.341167	0.243029	1.43873
0.610532	0.278324	1.64768
0.983465	0.295786	1.75106
-0.816341	0.137769	0.799354
-0.446928	0.150196	0.871458
0.0195403	0.161993	0.939906
0.313603	0.255083	1.48003
0.333858	0.258368	1.49909
1.63497	0.352404	2.0447
-0.838645	0.142838	0.812586
-0.780676	0.136788	0.778168
-0.781365	0.146943	0.83594
-0.293489	0.160342	0.912167
0.96545	0.302165	1.71898
1.44749	0.324051	1.84348
1.7654	0.354522	2.01683
-0.680899	0.218011	1.21649
-0.0899863	0.134578	0.750938
-0.0599261	0.147202	0.821378
1.25773	0.363943	2.03078
1.30078	0.288931	1.61222
1.79475	0.360036	2.00898
2.23473	0.385985	2.15377
0.03592	0.207572	1.13647
0.0616732	0.186335	1.0202
1.24914	0.351985	1.92715
1.89336	0.405074	2.21782
0.319603	0.267035	1.43508
-0.816677	0.154827	0.816989
-0.685969	0.146419	0.772626
-0.0492243	0.150117	0.792137
0.0694518	0.175783	0.927573
0.476375	0.275847	1.45559
1.65873	0.372939	1.96792
1.93496	0.407174	2.14858
-0.459738	0.148883	0.771655
0.193523	0.182424	0.945493
0.873193	0.331932	1.72039
-0.960556	0.221448	1.1277
-0.347941	0.165883	0.84474
-0.0123828	0.159271	0.811067
0.00772771	0.238345	1.21374
-0.00352626	0.158321	0.792381
0.243387	0.301277	1.50787
0.173687	0.17259	0.863799
0.566297	0.338277	1.69305
0.988496	0.368204	1.84283
1.1476	0.37459	1.87479
1.72176	0.377461	1.88916
0.247929	0.222647	1.09551
0.517922	0.304836	1.49992
1.21375	0.398295	1.95977
1.33231	0.379724	1.8684
1.59432	0.434618	2.1385
1.86145	0.407041	2.00281
-0.735309	0.163208	0.789713
0.735227	0.327269	1.58356
0.886236	0.355803	1.72162
-0.253186	0.167201	0.795822
0.819158	0.327453	1.55857
0.941593	0.363912	1.7321
1.11073	0.379004	1.80393
-0.154228	0.181818	0.851484
0.430983	0.316013	1.47994
1.22531	0.471909	2.21003
1.82244	0.491095	2.29989
1.94184	0.421597	1.97441
-0.750199	0.16829	0.775667
-0.727306	0.171465	0.790299
-0.507399	0.188193	0.867402
0.236876	0.286409	1.32009
1.95321	0.427743	1.97151
2.02466	0.441782	2.03622
0.315922	0.323102	1.46602
0.845448	0.352107	1.59763
1.98786	0.528827	2.39946
2.24483	0.475171	2.15601
-2.04028	0.562313	2.51228
0.0947645	0.237529	1.06122
0.497479	0.344022	1.53701
1.11618	0.413004	1.84521
1.01919	0.368335	1.64563
1.35983	0.410236	1.83284
2.4232	0.51031	2.27995
2.59581	0.523571	2.33919
-0.758069	0.182201	0.801738
-0.0885459	0.240199	1.05695
0.273611	0.293453	1.29128
1.38752	0.407196	1.79179
2.35073	0.497576	2.18948
2.46278	0.497883	2.19084
-0.380155	0.185333	0.803391
-0.0344627	0.238775	1.03505
0.670055	0.357946	1.55164
0.574667	0.290038	1.25727
1.14443	0.423811	1.83715
2.31381	0.502215	2.17702
2.44569	0.513422	2.2256
-0.472393	0.198873	0.849446
-0.45989	0.200096	0.85467
-0.317816	0.188916	0.806919
-0.355811	0.267912	1.14433
0.671452	0.338585	1.4462
0.109084	0.315682	1.32889
0.571679	0.340031	1.43139
0.649449	0.337532	1.42088
2.30432	0.471819	1.98617
-0.0329477	0.215165	0.892862
0.691962	0.376709	1.56321
2.40528	0.524035	2.17456
-1.60989	0.473989	1.93927
0.278022	0.315332	1.29015
0.379507	0.348744	1.42685
0.486848	0.31804	1.30122
1.32301	0.429583	1.75759
1.78598	0.500753	2.04878
-0.350017	0.220256	0.888676
0.037183	0.237408	0.957879
0.319577	0.349985	1.4121
0.430489	0.274586	1.10788
0.870833	0.384291	1.55051
1.13648	0.416046	1.67864
1.32861	0.448193	1.80834
-1.22494	0.36601	1.45659
-0.447955	0.214949	0.855419
-0.442345	0.213728	0.850561
0.272646	0.328925	1.309
0.444132	0.333652	1.32781
1.03665	0.382716	1.52307
1.69123	0.559205	2.22544
1.62001	0.47284	1.88174
0.224705	0.33232	1.3047
0.591934	0.374132	1.46885
0.895602	0.388698	1.52604
0.886182	0.379941	1.49166
1.02059	0.403299	1.58336
1.71977	0.504587	1.98102
2.26353	0.573597	2.25196
-0.44509	0.209319	0.810865
-0.918689	0.737071	2.85529
0.288823	0.309706	1.19975
0.419368	0.323653	1.25378
0.648263	0.36903	1.42956
0.793664	0.398002	1.54179
1.03833	0.398023	1.54188
2.04951	0.517085	2.0031
-0.460139	0.23305	0.890954
-0.035803	0.315432	1.2059
0.826308	0.400255	1.53018
0.876774	0.41636	1.59175
0.824404	0.379083	1.44924
0.926126	0.400474	1.53102
-1.21032	0.367224	1.38572
-1.29077	0.39989	1.50899
-0.382596	0.246157	0.928875
0.810735	0.445453	1.68092
1.00573	0.422953	1.59602
1.444	0.487356	1.83904
1.45299	0.409526	1.54535
-0.442366	0.245343	0.913969
0.205628	0.334501	1.24611
0.223865	0.3283	1.22301
0.300983	0.357005	1.32994
0.620173	0.379178	1.41254
1.52173	0.436125	1.62468
-0.548365	0.250232	0.920414
-0.506674	0.238422	0.876974
-0.373792	0.219786	0.808425
-0.156369	0.120022	0.44147
0.254571	0.338138	1.24375
0.538445	0.380261	1.39869
0.624642	0.410385	1.5095
0.875066	0.482432	1.7745
-1.13015	0.346216	1.25759
-0.182966	0.244082	0.886602
0.0827588	0.336719	1.2231
0.666884	0.383517	1.39308
1.24315	0.459055	1.66747
-0.365355	0.240913	0.864317
-0.287147	0.381178	1.36754
0.139805	0.32984	1.18336
0.357471	0.355347	1.27487
0.825782	0.420622	1.50905
1.03905	0.437091	1.56814
-0.503216	0.255322	0.904871
-0.0417888	0.354139	1.25508
0.128337	0.337404	1.19577
0.401976	0.371103	1.3152
0.891001	0.436425	1.54671
-0.520169	0.258746	0.905985
0.0612143	0.30754	1.07684
0.164296	0.319225	1.11775
0.181867	0.336839	1.17942
-0.425309	0.140163	0.484946
-0.371387	0.245558	0.849599
0.325033	0.368177	1.27385
0.376307	0.398126	1.37747
0.601504	0.402586	1.3929
-0.55239	0.180494	0.61716
-1.09778	0.478116	1.63481
0.147488	0.35429	1.21142
0.897717	0.450123	1.5391
1.53583	0.496766	1.69858
-0.654195	0.202406	0.684055
-0.486667	0.25727	0.869476
-0.0762656	0.294739	0.996106
-0.614573	0.202266	0.675744
-0.170585	0.287625	0.960921
0.374813	0.390077	1.3032
0.889922	0.459527	1.53522
0.218769	0.348127	1.14987
0.313224	0.38246	1.26327
1.40035	0.459725	1.51847
1.75119	0.547096	1.80706
-1.10723	0.513133	1.67589
-0.466965	0.265714	0.86782
-0.455724	0.26284	0.858433
-0.43049	0.262552	0.857493
-0.412377	0.258944	0.845708
-0.203386	0.264755	0.864686
-0.050544	0.324317	1.05922
0.0158389	0.357165	1.1665
0.204076	0.322317	1.05269
0.43919	0.385415	1.25876
0.446714	0.38408	1.2544
0.788545	0.441216	1.44101
1.736	0.521339	1.70269
-0.516028	0.202117	0.652797
0.194253	0.372616	1.20347
0.782704	0.445793	1.43982
1.32641	0.481059	1.55372
1.80996	0.569795	1.84032
-1.18455	0.570612	1.82275
0.0297859	0.333005	1.06375
0.070793	0.3666	1.17106
0.734633	0.434582	1.38822
0.932462	0.488385	1.56009
-0.0358791	0.341037	1.07759
0.263968	0.352299	1.11318
0.298362	0.38083	1.20333
1.01523	0.443851	1.40246
1.9959	0.580537	1.83435
-0.595903	0.244509	0.764301
-0.67781	0.368418	1.15162
0.690675	0.444812	1.39042
-0.0689904	0.166159	0.513878
0.0669751	0.33807	1.04554
0.981239	0.476246	1.47288
1.21995	0.491102	1.51882
0.0919403	0.366005	1.12005
0.962474	0.487942	1.4932
-0.384829	0.180515	0.54667
-0.226911	0.272587	0.825501
-0.101186	0.608278	1.84211
0.694571	0.421904	1.27769
1.05575	0.504185	1.52687
1.01217	0.466351	1.4123
1.10356	0.491162	1.48743
1.34385	0.537974	1.6292
1.34927	0.451355	1.36688
1.89878	0.568703	1.72226
-0.235733	0.293838	0.880705
-0.0726305	0.349409	1.04727
0.839809	0.502106	1.50494
1.00259	0.496727	1.48881
1.07538	0.474372	1.42181
-0.123907	0.267918	0.79484
-0.0615275	0.237342	0.704131
0.232205	0.382401	1.13448
0.295144	0.395482	1.17329
0.784427	0.456135	1.35323
1.00902	0.479386	1.42221
1.07602	0.496091	1.47177
1.1706	0.452633	1.34284
1.30307	0.495655	1.47048
1.79913	0.568655	1.68705
1.98499	0.619029	1.8365
-0.479969	0.235785	0.692462
-0.141382	0.323794	0.950929
0.0899	0.3428	1.00675
0.631405	0.417655	1.22658
0.929086	0.467276	1.37231
1.13925	0.510449	1.4991
1.21477	0.521999	1.53302
1.48929	0.556411	1.63409
-0.708011	0.252718	0.734786
0.523126	0.427346	1.24252
0.71789	0.45723	1.32941
0.983069	0.476566	1.38563
1.25156	0.512888	1.49124
1.85091	0.583134	1.69548
-0.728427	0.257777	0.74209
-0.0424779	0.334494	0.962943
0.0563223	0.344164	0.99078
0.432484	0.421856	1.21444
1.06896	0.425959	1.22625
-0.233519	0.31452	0.896585
0.445407	0.425819	1.21386
0.550906	0.426172	1.21487
1.24809	0.547547	1.56086
2.03709	0.617863	1.76131
-0.594606	0.287429	0.811419
-0.251069	0.215921	0.60955
-0.0852955	0.332074	0.937454
0.0422808	0.353037	0.996634
0.443253	0.411722	1.1623
0.609	0.437459	1.23496
0.651642	0.439189	1.23984
0.96377	0.481195	1.35843
1.62319	0.580371	1.6384
1.85276	0.585711	1.65348
1.87938	0.588447	1.6612
-0.823597	0.345826	0.966908
-0.408057	0.25743	0.719759
-0.227674	0.208657	0.583394
-0.183682	0.318344	0.890071
0.365628	0.43297	1.21056
0.632882	0.449166	1.25584
0.679599	0.459317	1.28422
0.773127	0.465445	1.30136
0.841897	0.483377	1.35149
0.965972	0.470239	1.31476
-0.701745	0.266974	0.73935
-0.614521	0.292729	0.810674
-0.274644	0.295003	0.816973
-0.22714	0.323875	0.896929
-0.0796806	0.329273	0.911878
0.245602	0.404767	1.12095
0.884108	0.471542	1.30588
-0.353443	0.270219	0.741291
-0.244269	0.222009	0.609037
0.134094	0.379037	1.03981
0.328502	0.450218	1.23508
0.451091	0.423178	1.1609
1.6225	0.562198	1.54228
1.45691	0.484879	1.33017
0.250355	0.388477	1.05577
0.981102	0.503712	1.36894
-0.426095	0.514912	1.38645
-0.179177	0.374849	1.00932
0.438717	0.452943	1.2196
0.941397	0.505641	1.36149
0.909857	0.46913	1.26318
1.19605	0.536171	1.44369
1.18775	0.527855	1.4213
-0.770138	0.297354	0.793325
-0.358873	0.307716	0.820972
0.166897	0.370984	0.989767
0.54742	0.435173	1.16102
0.719487	0.48016	1.28104
-0.591821	0.302506	0.799749
-0.500423	0.301299	0.796558
-0.141265	0.327612	0.866122
0.083	0.400035	1.05759
0.0969397	0.410623	1.08558
0.13748	0.381888	1.00961
0.371943	0.429881	1.1365
0.795024	0.509273	1.34639
0.9149	0.505766	1.33712
-0.536286	0.318509	0.834485
-0.391267	0.29747	0.779364
-0.330365	0.311591	0.816361
-0.216218	0.356321	0.933553
0.367287	0.423683	1.11004
0.79621	0.517822	1.35668
1.3043	0.590626	1.54743
-0.470089	0.303867	0.78903
0.0100589	0.38845	1.00866
0.810755	0.484405	1.25782
-0.534702	0.299735	0.771426
-0.480928	0.30805	0.792827
-0.241833	0.320798	0.825638
0.925757	0.517515	1.33193
1.02321	0.520674	1.34006
1.44661	0.573604	1.47628
-0.496527	0.317081	0.808926
-0.14028	0.361081	0.921178
0.362543	0.39905	1.01804
0.576534	0.490552	1.25148
0.554361	0.443892	1.13244
0.868395	0.505469	1.28953
0.94985	0.506756	1.29282
1.21712	0.54956	1.40202
-0.725851	0.300109	0.758982
-0.421585	0.334449	0.84583
-0.067001	0.363125	0.918351
-0.0452808	0.348852	0.882254
0.424061	0.456969	1.15569
0.650008	0.489017	1.23673
0.687696	0.475007	1.2013
0.845464	0.501804	1.26907
1.20393	0.543843	1.37539
1.37981	0.506465	1.28086
-0.717724	0.285338	0.715418
-0.6864	0.309606	0.776263
-0.427001	0.332076	0.832603
-0.0386278	0.380338	0.953608
0.273992	0.42828	1.07381
0.289495	0.428303	1.07387
0.441755	0.42952	1.07692
0.607548	0.487812	1.22307
0.883233	0.501621	1.2577
-0.508979	0.370577	0.921207
-0.11856	0.365052	0.907473
0.142963	0.422337	1.04988
0.569914	0.468332	1.16421
0.575904	0.45971	1.14278
0.737205	0.465291	1.15665
1.07829	0.549906	1.367
1.13816	0.557506	1.38589
1.38945	0.554093	1.37741
-0.493288	0.307954	0.75906
0.586608	0.462325	1.13956
0.655999	0.480028	1.1832
1.58187	0.599765	1.47833
-0.184288	0.400335	0.978487
0.611369	0.472672	1.15529
0.941823	0.537662	1.31414
1.34343	0.598349	1.46247
1.42647	0.600009	1.46653
-0.408486	0.297261	0.720515
-0.163614	0.388128	0.94076
0.0631011	0.33172	0.804037
0.306973	0.440344	1.06732
0.579574	0.464509	1.1259
1.33971	0.604069	1.46417
1.57822	0.59059	1.4315
-0.639957	0.299853	0.720801
0.153827	0.435356	1.04653
0.679635	0.493884	1.18722
0.405087	0.454118	1.0827
0.972974	0.539561	1.28641
0.980085	0.530851	1.26565
-0.632044	0.301031	0.711888
-0.104683	0.434824	1.02829
0.115888	0.441757	1.04468
0.63995	0.481823	1.13943
1.1747	0.551578	1.30439
-0.284436	0.381128	0.894048
0.11265	0.406476	0.953509
0.641009	0.477343	1.11975
0.938165	0.531304	1.24633
1.54171	0.629042	1.4756
0.61684	0.504338	1.17363
1.19565	0.546461	1.27165
-0.370944	0.344818	0.796056
0.177196	0.427743	0.987499
0.448008	0.477275	1.10185
0.949776	0.528808	1.22082
1.03374	0.562523	1.29865
-0.461024	0.31856	0.729655
-0.454906	0.33952	0.777664
0.360379	0.437386	1.00182
1.38285	0.604992	1.38572
1.50287	0.621568	1.42369
1.56256	0.635402	1.45538
-0.210769	0.394293	0.896077
0.921875	0.538889	1.22469
1.06635	0.547315	1.24384
1.54139	0.605293	1.3756
-0.543732	0.359076	0.809727
-0.43734	0.32951	0.743055
0.487082	0.476322	1.07412
0.599279	0.516257	1.16417
0.7959	0.526931	1.18825
0.847285	0.524263	1.18223
1.19997	0.588522	1.32714
1.71322	0.658934	1.48592
-0.632713	0.33622	0.752364
-0.464498	0.346316	0.774955
-0.250951	0.348552	0.779958
0.324052	0.447417	1.00119
1.46247	0.623381	1.39495
-0.651289	0.288201	0.639996
-0.597369	0.313163	0.695427
-0.0852126	0.376929	0.837031
-0.0654388	0.351754	0.781125
0.0207127	0.382341	0.849049
0.0577078	0.429875	0.954606
1.08705	0.561546	1.247
1.59229	0.635821	1.41194
-0.581655	0.338508	0.746026
-0.195689	0.383379	0.844916
0.213776	0.435552	0.959897
0.219049	0.406779	0.896487
0.394334	0.464793	1.02434
0.661861	0.524612	1.15617
1.18592	0.588098	1.29609
1.24065	0.578752	1.27549
-0.491307	0.29491	0.645062
-0.484902	0.333721	0.729956
-0.507798	0.351386	0.768595
-0.128702	0.42681	0.93357
-0.0686275	0.409791	0.896345
-0.00974474	0.382034	0.835632
0.018644	0.496026	1.08497
0.0620597	0.44292	0.96881
0.42737	0.460135	1.00646
0.53003	0.506191	1.1072
0.885399	0.54559	1.19338
-0.579256	0.318634	0.691764
-0.312611	0.359017	0.779434
-0.2309	0.397344	0.862645
-0.171953	0.390623	0.848053
-0.164283	0.386962	0.840104
-0.0502626	0.451086	0.979319
0.678127	0.50142	1.0886
0.928536	0.557501	1.21035
1.07198	0.557201	1.2097
1.26562	0.612963	1.33076
1.30028	0.608969	1.32209
-0.569943	0.322797	0.695618
-0.0587756	0.393273	0.847492
0.0437964	0.409457	0.882369
0.291404	0.453124	0.976468
0.486255	0.505633	1.08962
0.775627	0.507312	1.09324
0.817818	0.532203	1.14688
0.894282	0.564827	1.21718
-0.664552	0.304197	0.650724
-0.581107	0.317578	0.679348
-0.606686	0.335803	0.718334
-0.342067	0.365811	0.782526
0.146547	0.415154	0.888076
0.308479	0.46632	0.997528
0.50364	0.491819	1.05208
1.03859	0.561603	1.20135
-0.426241	0.370539	0.786864
-0.204422	0.364554	0.774153
0.440049	0.488012	1.03632
-0.344561	0.373889	0.788232
-0.243598	0.404448	0.852658
0.281865	0.459108	0.96789
0.403159	0.49215	1.03755
0.776791	0.527386	1.11183
0.82919	0.510291	1.07579
1.31443	0.605101	1.27567
-0.636545	0.36009	0.753689
0.319323	0.461085	0.965077
0.681102	0.534761	1.11928
0.765518	0.534527	1.1188
-0.650471	0.320055	0.665115
-0.55352	0.327974	0.681572
-0.157871	0.411227	0.854583
0.559326	0.508605	1.05695
0.832579	0.545299	1.1332
1.15671	0.610728	1.26917
1.15702	0.587643	1.2212
-0.587855	0.33166	0.684352
-0.419954	0.383371	0.791054
-0.323595	0.358759	0.740269
0.176706	0.450117	0.928779
0.254532	0.483442	0.997542
0.342987	0.486466	1.00378
0.393099	0.485776	1.00236
0.474383	0.483897	0.998481
0.658256	0.530536	1.09471
-0.582476	0.358001	0.73351
-0.337343	0.382967	0.784664
0.195464	0.466091	0.954976
0.39223	0.47082	0.964665
1.17374	0.606946	1.24357
1.32926	0.627442	1.28557
-0.673665	0.33608	0.683788
-0.481074	0.365868	0.744396
-0.276499	0.376021	0.765052
-0.148946	0.388693	0.790835
0.394346	0.464335	0.944736
0.716813	0.549657	1.11833
1.22199	0.612927	1.24706
1.32866	0.612352	1.24589
-0.671442	0.327715	0.662146
-0.579618	0.338218	0.683367
-0.557619	0.332448	0.671709
-0.432022	0.356731	0.720773
1.31708	0.621763	1.25627
-0.467878	0.352925	0.708173
-0.321061	0.395383	0.793368
-0.305701	0.379853	0.762206
-0.227945	0.402707	0.808065
-0.160804	0.395233	0.793066
-0.160137	0.415774	0.834284
0.6009	0.519846	1.04311
1.31379	0.64218	1.28859
-0.606108	0.334413	0.666437
-0.52426	0.347041	0.691603
0.0883613	0.442883	0.882602
0.150439	0.43831	0.873489
0.275301	0.474369	0.94535
0.393818	0.465386	0.927448
1.07547	0.599244	1.19421
1.30542	0.635734	1.26693
-0.425356	0.367372	0.727148
-0.362579	0.357187	0.706987
-0.16098	0.401115	0.793935
-0.0766091	0.42539	0.841984
0.230502	0.443857	0.878537
0.294602	0.465036	0.920456
0.607008	0.51936	1.02798
0.831163	0.557858	1.10418
-0.515072	0.348942	0.686008
-0.47325	0.34911	0.686339
0.0421139	0.43158	0.848472
0.420052	0.486647	0.956733
1.08906	0.615113	1.20929
1.17922	0.609878	1.199
-0.52509	0.348098	0.679763
-0.503359	0.427474	0.834767
0.11211	0.457984	0.894349
0.43456	0.502723	0.981714
0.616055	0.551086	1.07616
1.14861	0.620812	1.21232
-0.194091	0.395107	0.766427
0.857836	0.563213	1.09252
1.12884	0.600503	1.16485
1.43078	0.664676	1.28933
-0.479536	0.407823	0.785862
-0.310859	0.384918	0.741725
-0.00931568	0.414557	0.798838
0.645308	0.540716	1.04194
-0.378193	0.364709	0.698164
0.0601695	0.441025	0.844258
0.118326	0.453923	0.868949
0.474491	0.525696	1.00634
0.726235	0.537454	1.02885
0.805993	0.55667	1.06564
0.909514	0.56854	1.08836
1.35751	0.65609	1.25596
0.497979	0.519583	0.98815
0.592894	0.537809	1.02281
0.897132	0.582065	1.10698
1.10553	0.593227	1.12821
1.22946	0.652523	1.24098
-0.0687979	0.416693	0.787335
0.0729596	0.470403	0.888818
0.746996	0.538093	1.01672
1.37819	0.650948	1.22995
-0.394217	0.36346	0.682328
-0.306702	0.380009	0.713394
0.248932	0.466896	0.876509
-0.466837	0.351924	0.656442
-0.465914	0.354826	0.661855
0.00848591	0.456188	0.850925
0.112294	0.466825	0.870766
0.254125	0.485876	0.9063
0.392626	0.504272	0.940616
0.59597	0.537803	1.00316
0.968788	0.588497	1.09772
-0.371551	0.390887	0.724481
-0.0571025	0.422286	0.782676
-0.0233401	0.378216	0.700997
0.65185	0.525072	0.973184
1.15489	0.624404	1.15729
1.28487	0.618675	1.14667
-0.587635	0.348068	0.641042
-0.31452	0.414613	0.763599
-0.283245	0.390476	0.719146
0.0499022	0.448215	0.825485
0.186868	0.478851	0.881908
0.19242	0.476849	0.87822
1.12236	0.628851	1.15816
1.36222	0.64964	1.19645
-0.466953	0.356962	0.653293
-0.0801482	0.41546	0.760354
0.101791	0.501379	0.917598
0.266543	0.45504	0.83279
0.338282	0.524347	0.959633
0.911313	0.590763	1.08118
0.997812	0.598215	1.09482
-0.605935	0.357814	0.650766
-0.332485	0.395379	0.719086
-0.303345	0.412153	0.749592
0.0107979	0.43725	0.795237
0.0993584	0.462413	0.841002
0.156216	0.427172	0.776909
0.191496	0.480558	0.874003
0.968168	0.618336	1.12458
1.22462	0.648946	1.18026
1.20675	0.613878	1.11648
-0.476654	0.358115	0.647273
-0.247483	0.435319	0.786815
-0.224432	0.418775	0.756913
0.0166313	0.442603	0.79998
0.0358961	0.468139	0.846135
0.143901	0.472152	0.85339
0.249577	0.47416	0.857017
1.05403	0.625018	1.12969
-0.533366	0.342786	0.615748
-0.453513	0.35322	0.63449
-0.173841	0.424456	0.762452
0.219031	0.484727	0.870716
0.251675	0.481111	0.864222
1.00611	0.604984	1.08673
-0.615752	0.350085	0.625006
-0.602144	0.347434	0.620274
-0.559017	0.347041	0.619571
-0.277451	0.384028	0.685605
-0.181006	0.359416	0.641665
-0.15038	0.430744	0.769007
-0.128178	0.440199	0.785886
1.16802	0.634957	1.13359
1.23134	0.629712	1.12422
-0.497937	0.373747	0.663186
-0.426589	0.367895	0.652803
-0.221602	0.411188	0.729623
0.0886418	0.450324	0.799068
0.241754	0.473709	0.840562
0.438769	0.545291	0.967579
0.676908	0.54044	0.958971
0.790404	0.586144	1.04007
0.881813	0.592124	1.05068
0.893788	0.597597	1.06039
-0.550701	0.369707	0.652047
-0.161998	0.437444	0.771515
0.256212	0.459056	0.809631
0.600223	0.525046	0.926016
0.725416	0.546411	0.963697
0.847187	0.57981	1.0226
0.858422	0.584953	1.03167
1.07498	0.638453	1.12603
-0.502425	0.371018	0.650423
-0.504478	0.374281	0.656143
-0.440897	0.355447	0.623125
-0.1473	0.429676	0.753255
0.00528235	0.473262	0.829665
0.0282724	0.458002	0.802912
0.207767	0.48504	0.850312
0.973712	0.609431	1.06838
1.28505	0.656296	1.15054
-0.591271	0.358851	0.625332
-0.605211	0.368718	0.642525
0.0170893	0.471718	0.822012
0.143629	0.468753	0.816846
0.298746	0.481407	0.838897
1.06063	0.612123	1.06668
-0.576096	0.35718	0.61872
-0.556887	0.394108	0.682688
-0.467808	0.375933	0.651204
0.469048	0.518749	0.898595
0.493195	0.534381	0.925674
1.33447	0.680943	1.17955
1.30737	0.650526	1.12686
-0.317024	0.421161	0.725238
0.33216	0.515553	0.887781
0.358102	0.493937	0.850558
0.539729	0.544092	0.936926
1.20234	0.643843	1.1087
-0.463598	0.382742	0.655209
-0.364761	0.412573	0.706276
-0.347035	0.412692	0.706481
-0.346	0.417592	0.714869
-0.319874	0.404123	0.691812
0.0868054	0.457107	0.782513
0.121024	0.46945	0.803644
0.21454	0.484318	0.829096
0.423794	0.545923	0.934556
0.615546	0.560985	0.96034
-0.310877	0.463781	0.789301
-0.155164	0.426877	0.726495
0.479482	0.525233	0.893886
0.543454	0.531054	0.903793
1.16398	0.65236	1.11024
-0.389941	0.389177	0.658488
-0.380955	0.384896	0.651245
-0.201885	0.39285	0.664703
0.734557	0.565895	0.957496
0.939876	0.599992	1.01519
-0.211075	0.439189	0.738819
0.0404984	0.485024	0.815924
0.255153	0.473894	0.797201
0.548642	0.539154	0.906983
-0.365466	0.408813	0.683772
-0.252529	0.426261	0.712955
-0.0836287	0.430194	0.719534
0.12071	0.479234	0.801557
0.781333	0.576411	0.964093
1.01262	0.604496	1.01107
1.12078	0.641358	1.07272
-0.44404	0.37545	0.624385
-0.346339	0.433508	0.720939
0.43187	0.707723	1.17697
0.617028	0.531055	0.883163
0.641404	0.538149	0.894959
1.04065	0.613747	1.02068
1.09457	0.627784	1.04403
-0.210536	0.445654	0.736932
-0.203971	0.437276	0.723078
-0.0640085	0.442988	0.732524
-0.00899298	0.466357	0.771167
0.0610997	0.450132	0.744336
0.106173	0.484345	0.800911
0.357558	0.527131	0.871661
0.595575	0.549551	0.908735
0.751845	0.568614	0.940258
1.17904	0.644624	1.06595
1.2981	0.680862	1.12587
-0.527973	0.378576	0.622479
-0.50992	0.367192	0.603761
-0.343023	0.461999	0.75965
-0.179564	0.437461	0.719302
0.0959443	0.440166	0.723749
0.913085	0.609304	1.00186
1.09399	0.650269	1.06922
-0.469135	0.401425	0.656345
-0.239536	0.417865	0.683226
0.0457669	0.463034	0.757079
0.0725427	0.496851	0.812371
0.620454	0.563504	0.921352
-0.530987	0.395111	0.642418
-0.462911	0.396322	0.644387
-0.323163	0.401675	0.65309
-0.274737	0.453951	0.738086
-0.0463597	0.487106	0.791995
0.564937	0.55139	0.896514
1.07721	0.619157	1.0067
1.21647	0.672029	1.09266
-0.51878	0.388181	0.627649
-0.298527	0.387232	0.626114
0.358625	0.477717	0.772419
0.581184	0.536636	0.867684
0.593127	0.509281	0.823454
0.970076	0.645523	1.04374
1.10002	0.63366	1.02456
-0.592752	0.382574	0.615169
-0.378021	0.389875	0.626908
-0.35396	0.432264	0.695068
0.29906	0.501931	0.807091
0.452408	0.524519	0.843412
0.715343	0.561421	0.90275
0.596128	0.578335	0.924843
0.787245	0.589094	0.942049
1.04465	0.636222	1.01741
1.25944	0.683077	1.09234
-0.556067	0.347264	0.552296
-0.557842	0.352156	0.560076
-0.453325	0.387064	0.615594
0.28067	0.500621	0.796199
0.396095	0.508756	0.809137
1.0519	0.641895	1.02088
-0.487709	0.379657	0.600537
-0.0030191	0.428894	0.678419
0.16367	0.464606	0.734908
0.722254	0.581521	0.919842
-0.476935	0.371635	0.584674
-0.46441	0.383938	0.60403
-0.332585	0.421088	0.662476
0.29052	0.503257	0.791748
0.548273	0.572702	0.901002
0.489709	0.493967	0.777132
0.571077	0.563153	0.885979
0.917911	0.637652	1.00318
0.988198	0.627164	0.986685
-0.521072	0.364695	0.570675
-0.450379	0.383336	0.599845
-0.372519	0.474195	0.74202
-0.238914	0.398595	0.623722
-0.140596	0.477059	0.746502
0.387514	0.564048	0.882623
0.623467	0.561589	0.878774
0.92449	0.64064	1.00247
1.11958	0.644749	1.0089
-0.533127	0.362261	0.563838
-0.411408	0.409009	0.636598
0.00445918	0.449985	0.700375
0.0371542	0.480935	0.748547
0.0953113	0.488509	0.760336
0.694451	0.570862	0.888514
0.787639	0.595287	0.92653
1.2346	0.687977	1.0708
-0.484153	0.380011	0.588322
-0.423626	0.390706	0.604881
-0.147356	0.453297	0.701782
0.196463	0.511803	0.792359
0.581097	0.566471	0.876995
0.915094	0.607676	0.940788
1.04378	0.632201	0.978757
-0.526958	0.379249	0.584039
-0.482564	0.400057	0.616084
-0.405983	0.401211	0.617861
0.0730267	0.491356	0.756684
0.121314	0.499197	0.768758
0.204265	0.512591	0.789386
0.292314	0.50733	0.781283
0.4591	0.534228	0.822707
0.581433	0.566726	0.872753
0.573354	0.552867	0.85141
-0.415615	0.36485	0.558912
-0.405016	0.420845	0.644691
-0.403563	0.426682	0.653633
-0.263334	0.417344	0.639328
-0.199942	0.405655	0.621422
-0.200911	0.483472	0.740629
0.0263156	0.54351	0.832601
0.183617	0.490553	0.751476
0.268321	0.486919	0.745909
0.30889	0.514157	0.787635
0.340399	0.506112	0.775311
0.905009	0.625927	0.958855
1.03602	0.634171	0.971483
-0.484594	0.378135	0.576234
-0.430391	0.383527	0.58445
-0.392587	0.396424	0.604104
0.41745	0.528457	0.805308
0.692743	0.587041	0.894583
1.11499	0.650882	0.991868
1.15226	0.659939	1.00567
-0.401359	0.416648	0.631621
0.086216	0.49654	0.752733
0.200192	0.548554	0.831584
0.30944	0.520487	0.789036
-0.570361	0.37971	0.572645
-0.411597	0.415358	0.626406
-0.250653	0.438022	0.660586
-0.217082	0.447375	0.674691
0.365763	0.526459	0.793958
0.529308	0.560175	0.844806
0.928294	0.642342	0.968723
1.09379	0.689411	1.03971
-0.572178	0.387095	0.580777
-0.337078	0.423197	0.634942
-0.233889	0.435681	0.653673
0.156817	0.549365	0.824238
0.364827	0.504154	0.756406
0.431056	0.542913	0.814558
0.642622	0.577303	0.866154
-0.540412	0.362185	0.540619
-0.348268	0.41418	0.618231
-0.294564	0.423501	0.632143
-0.136679	0.49567	0.739867
0.906592	0.604261	0.901956
1.13778	0.669494	0.999327
-0.212611	0.450007	0.668284
0.0123864	0.48538	0.720815
0.364062	0.558368	0.829206
0.511037	0.539915	0.801803
0.525603	0.546036	0.810894
-0.506606	0.387764	0.572931
0.0719738	0.486567	0.718915
0.264559	0.541153	0.799566
0.489066	0.553797	0.818249
0.498058	0.544279	0.804185
0.650563	0.582148	0.860137
0.730966	0.579504	0.856232
0.800302	0.606305	0.89583
-0.343365	0.420001	0.617431
-0.361558	0.463281	0.681056
-0.0955944	0.459666	0.675742
0.429563	0.533983	0.784993
0.550522	0.580985	0.854089
0.703193	0.699088	1.02771
0.90189	0.642638	0.944724
-0.357676	0.391487	0.572624
-0.360784	0.461487	0.675013
-0.215133	0.452061	0.661225
-0.197903	0.450828	0.659422
-0.144183	0.477661	0.698671
-0.0255186	0.472785	0.691538
0.00985309	0.49611	0.725656
0.461344	0.557999	0.816181
0.72923	0.604413	0.88407
-0.477277	0.38177	0.555622
-0.180024	0.450003	0.654927
0.368762	0.521437	0.758892
-0.451944	0.40975	0.593381
-0.433672	0.395054	0.572099
-0.20688	0.439082	0.635858
-0.176778	0.449998	0.651666
0.267882	0.541365	0.78398
0.599468	0.583465	0.844946
-0.000597913	0.491347	0.708026
0.718347	0.612389	0.882448
0.706889	0.58702	0.845892
0.799629	0.604086	0.870483
-0.397837	0.434161	0.622545
-0.378011	0.419628	0.601705
-0.117315	0.490778	0.703727
-0.0213654	0.501861	0.719619
0.0174327	0.498357	0.714595
0.134642	0.49354	0.707687
0.377053	0.537162	0.770238
1.00299	0.640743	0.918762
-0.0355283	0.485139	0.692235
1.01941	0.643806	0.918634
-0.279586	0.386654	0.549021
-0.199296	0.499988	0.706504
0.271756	0.534633	0.755459
0.682956	0.604444	0.854105
0.985605	0.67458	0.95321
-0.111948	0.439517	0.618059
-0.101108	0.413416	0.581356
0.08615	0.518553	0.729202
0.425691	0.542473	0.762839
0.601665	0.582347	0.81891
0.724172	0.610969	0.859159
0.871236	0.625363	0.879399
0.966233	0.662219	0.931227
0.994096	0.651866	0.916669
-0.434759	0.409822	0.573533
-0.227532	0.463739	0.648989
-0.180476	0.451395	0.631714
-0.0602891	0.473477	0.662617
0.0945956	0.496389	0.694681
0.297859	0.528142	0.739119
0.308249	0.527681	0.738473
0.329332	0.544943	0.762631
0.506148	0.577248	0.807842
-0.172223	0.455833	0.634875
0.0368765	0.497306	0.692638
0.0676244	0.503099	0.700707
0.133461	0.534017	0.743769
0.160321	0.516861	0.719874
0.306049	0.581704	0.810186
0.3752	0.546281	0.760849
0.443106	0.555752	0.774041
0.789842	0.617347	0.85983
-0.190084	0.486127	0.673848
-0.110196	0.522037	0.723625
